8.0
1.0
64
"EP"
[0.3760851065657794, 0.06632447621736348, 0.4883235358514929, 0.06632447621736348, 0.4883235358514929, 0.06632447621736348, 0.4883235358514929, 0.06632447621736348, 0.4883235358514929, 0.06632447621736348, 0.4883235358514929, 0.06632447621736348, 0.4883235358514929, 0.06632447621736348, 0.4883235358514929, 0.06632447621736348, 0.4883235358514929, 0.06632447621736348]
"DP"
[0.0, 1.0046124467512234, 0, 1.0046124467512234, 0, 1.0046124467512234, 0, 1.0046124467512234, 0, 1.0046124467512234, 0, 1.0046124467512234, 0, 1.0046124467512234, 0, 1.0046124467512234, 0, 1.0046124467512234]
"PPx"
[0, 3.711172963228818, 0, 3.9068903015870515, 0, 3.9068903015870515, 0, 3.9068903015870515, 0, 3.9068903015870515, 0, 3.9068903015870515, 0, 3.9068903015870515, 0, 3.9068903015870515, 0, 3.9068903015870515]
"PPy"
[0.6320784644338584, 0.6358338935995805, 0.6325801216368989, 0.6358338935995805, 0.6325801216368989, 0.6358338935995805, 0.6325801216368989, 0.6358338935995805, 0.6325801216368989, 0.6358338935995805, 0.6325801216368989, 0.6358338935995805, 0.6325801216368989, 0.6358338935995805, 0.6325801216368989, 0.6358338935995805, 0.6325801216368989, 0.6358338935995805]
"Eye Segment0Dis"
[0.6231271187963162, 1.4396831480010235, 0.6231271187963162, 0.2508685451491517, 0.6231271187963162, 0.2508685451491517, 0.6231271187963162, 0.2508685451491517, 0.6231271187963162, 0.2508685451491517, 0.6231271187963162, 0.2508685451491517, 0.6231271187963162, 0.2508685451491517, 0.6231271187963162, 0.2508685451491517, 0.6231271187963162, 0.2508685451491517]
"Eye Segment0R"
[0.0, 0.06569383625887537, 0, 0.06569383625887537, 0, 0.06569383625887537, 0, 0.06569383625887537, 0, 0.06569383625887537, 0, 0.06569383625887537, 0, 0.06569383625887537, 0, 0.06569383625887537, 0, 0.06569383625887537]
"Eye Segment0G"
[0.3794986979385079, 0.0, 0.3794986979385079, 0, 0.3794986979385079, 0, 0.3794986979385079, 0, 0.3794986979385079, 0, 0.3794986979385079, 0, 0.3794986979385079, 0, 0.3794986979385079, 0, 0.3794986979385079, 0]
"Eye Segment0B"
[1.4496725182928696, 2.4466235625631896, 0.7408265415038562, 2.4466235625631896, 0.7408265415038562, 2.4466235625631896, 0.7408265415038562, 2.4466235625631896, 0.7408265415038562, 2.4466235625631896, 0.7408265415038562, 2.4466235625631896, 0.7408265415038562, 2.4466235625631896, 0.7408265415038562, 2.4466235625631896, 0.7408265415038562, 2.4466235625631896]
"Eye Segment1Dis"
[3.198669719830069, 0.39477545088218424, 3.198669719830069, 0.39477545088218424, 3.198669719830069, 0.39477545088218424, 3.198669719830069, 0.39477545088218424, 3.198669719830069, 0.39477545088218424, 3.198669719830069, 0.39477545088218424, 3.198669719830069, 0.39477545088218424, 3.198669719830069, 0.39477545088218424, 3.198669719830069, 0.39477545088218424]
"Eye Segment1R"
[0.0, 0.8122473118036718, 0, 0.9322356398363663, 0, 0.9322356398363663, 0, 0.9322356398363663, 0, 0.9322356398363663, 0, 0.9322356398363663, 0, 0.9322356398363663, 0, 0.9322356398363663, 0, 0.9322356398363663]
"Eye Segment1G"
[1.4087184811283682, 0.7098814832334669, 1.4087184811283682, 0.7098814832334669, 1.4087184811283682, 0.7098814832334669, 1.4087184811283682, 0.7098814832334669, 1.4087184811283682, 0.7098814832334669, 1.4087184811283682, 0.7098814832334669, 1.4087184811283682, 0.7098814832334669, 1.4087184811283682, 0.7098814832334669, 1.4087184811283682, 0.7098814832334669]
"Eye Segment1B"
[0, 0, 0, 0, 0, 0, 0, 0, 0, 0, 0, 0, 0, 0, 0, 0, 0, 0]
"Eye Segment2Dis"
[0.0, 0.5237995769712056, 0, 0.9191609096528568, 0, 0.9191609096528568, 0, 0.9191609096528568, 0, 0.9191609096528568, 0, 0.9191609096528568, 0, 0.9191609096528568, 0, 0.9191609096528568, 0, 0.9191609096528568]
"Eye Segment2R"
[0.19646470482677597, 0.09132210830831655, 0, 0.09132210830831655, 0, 0.09132210830831655, 0, 0.09132210830831655, 0, 0.09132210830831655, 0, 0.09132210830831655, 0, 0.09132210830831655, 0, 0.09132210830831655, 0, 0.09132210830831655]
"Eye Segment2G"
[0.331892592042079, 0.44802041648871377, 0, 0, 0, 0, 0, 0, 0, 0, 0, 0, 0, 0, 0, 0, 0, 0]
"Eye Segment2B"
[0.03462581275993315, 0, 0.29999999999999993, 0, 0.29999999999999993, 0, 0.29999999999999993, 0, 0.29999999999999993, 0, 0.29999999999999993, 0, 0.29999999999999993, 0, 0.29999999999999993, 0, 0.29999999999999993, 0]
"Eye Segment3Dis"
[1.48911958148661, 4.832121634201214, 1.3563464770401517, 4.360675206489939, 1.3563464770401517, 4.360675206489939, 1.3563464770401517, 4.360675206489939, 1.3563464770401517, 4.360675206489939, 1.3563464770401517, 4.360675206489939, 1.3563464770401517, 4.360675206489939, 1.3563464770401517, 4.360675206489939, 1.3563464770401517, 4.360675206489939]
"Eye Segment3R"
[0.6302956727713106, 0.0, 0.7638953954353669, 0, 0.7638953954353669, 0, 0.7638953954353669, 0, 0.7638953954353669, 0, 0.7638953954353669, 0, 0.7638953954353669, 0, 0.7638953954353669, 0, 0.7638953954353669, 0]
"Eye Segment3G"
[1.3208834406928744, 0.05483810414234394, 0.57111033695967, 0, 0.57111033695967, 0, 0.57111033695967, 0, 0.57111033695967, 0, 0.57111033695967, 0, 0.57111033695967, 0, 0.57111033695967, 0, 0.57111033695967, 0]
"Eye Segment3B"
[0.09655948060637176, 0.0461045587714255, 0.09655948060637176, 0.0461045587714255, 0.09655948060637176, 0.0461045587714255, 0.09655948060637176, 0.0461045587714255, 0.09655948060637176, 0.0461045587714255, 0.09655948060637176, 0.0461045587714255, 0.09655948060637176, 0.0461045587714255, 0.09655948060637176, 0.0461045587714255, 0.09655948060637176, 0.0461045587714255]
"Eye Segment4Dis"
[0.0, 0.0, 0, 0, 0, 0, 0, 0, 0, 0, 0, 0, 0, 0, 0, 0, 0, 0]
"Eye Segment4R"
[1.9243351679738274, 0.12545684224460496, 0, 0, 0, 0, 0, 0, 0, 0, 0, 0, 0, 0, 0, 0, 0, 0]
"Eye Segment4G"
[0.8144723698139276, 0.0, 0.6346754854410004, 0, 0.6346754854410004, 0, 0.6346754854410004, 0, 0.6346754854410004, 0, 0.6346754854410004, 0, 0.6346754854410004, 0, 0.6346754854410004, 0, 0.6346754854410004, 0]
"Eye Segment4B"
[0.6133270389823829, 4.318997857400848, 0.6133270389823829, 3.352677614459492, 0.6133270389823829, 3.352677614459492, 0.6133270389823829, 3.352677614459492, 0.6133270389823829, 3.352677614459492, 0.6133270389823829, 3.352677614459492, 0.6133270389823829, 3.352677614459492, 0.6133270389823829, 3.352677614459492, 0.6133270389823829, 3.352677614459492]
"Eye Segment5Dis"
[0.5967377087010665, 0.5973778559860258, 0.29999999999999993, 0.7364424056622013, 0.29999999999999993, 0.7364424056622013, 0.29999999999999993, 0.7364424056622013, 0.29999999999999993, 0.7364424056622013, 0.29999999999999993, 0.7364424056622013, 0.29999999999999993, 0.7364424056622013, 0.29999999999999993, 0.7364424056622013, 0.29999999999999993, 0.7364424056622013]
"Eye Segment5R"
[0.03955643424001889, 0.0, 0.019588492705934546, 0, 0.019588492705934546, 0, 0.019588492705934546, 0, 0.019588492705934546, 0, 0.019588492705934546, 0, 0.019588492705934546, 0, 0.019588492705934546, 0, 0.019588492705934546, 0]
"Eye Segment5G"
[2.149042243352694, 0.4907817137805326, 2.214570610904637, 0.4907817137805326, 2.214570610904637, 0.4907817137805326, 2.214570610904637, 0.4907817137805326, 2.214570610904637, 0.4907817137805326, 2.214570610904637, 0.4907817137805326, 2.214570610904637, 0.4907817137805326, 2.214570610904637, 0.4907817137805326, 2.214570610904637, 0.4907817137805326]
"Eye Segment5B"
[0.4568957920743869, 0, 0.0454322705119663, 0, 0.0454322705119663, 0, 0.0454322705119663, 0, 0.0454322705119663, 0, 0.0454322705119663, 0, 0.0454322705119663, 0, 0.0454322705119663, 0, 0.0454322705119663, 0]
"Eye Segment6Dis"
[0.9077732016580983, 0.24281480648308473, 0.38215378753098816, 0.24281480648308473, 0.38215378753098816, 0.24281480648308473, 0.38215378753098816, 0.24281480648308473, 0.38215378753098816, 0.24281480648308473, 0.38215378753098816, 0.24281480648308473, 0.38215378753098816, 0.24281480648308473, 0.38215378753098816, 0.24281480648308473, 0.38215378753098816, 0.24281480648308473]
"Eye Segment6R"
[0.4652617074811791, 0.18242375740345795, 0.4652617074811791, 0, 0.4652617074811791, 0, 0.4652617074811791, 0, 0.4652617074811791, 0, 0.4652617074811791, 0, 0.4652617074811791, 0, 0.4652617074811791, 0, 0.4652617074811791, 0]
"Eye Segment6G"
[0.040692808201803765, 0.4983816273917678, 0, 0, 0, 0, 0, 0, 0, 0, 0, 0, 0, 0, 0, 0, 0, 0]
"Eye Segment6B"
[0, 0.0, 0.13898197714963534, 0, 0.13898197714963534, 0, 0.13898197714963534, 0, 0.13898197714963534, 0, 0.13898197714963534, 0, 0.13898197714963534, 0, 0.13898197714963534, 0, 0.13898197714963534, 0]
"Eye Segment7Dis"
[0.031433619081242314, 0.6363964577111326, 0.031433619081242314, 0.6363964577111326, 0.031433619081242314, 0.6363964577111326, 0.031433619081242314, 0.6363964577111326, 0.031433619081242314, 0.6363964577111326, 0.031433619081242314, 0.6363964577111326, 0.031433619081242314, 0.6363964577111326, 0.031433619081242314, 0.6363964577111326, 0.031433619081242314, 0.6363964577111326]
"Eye Segment7R"
[0.28619459087976584, 0.06550749641723519, 0.28619459087976584, 0.06550749641723519, 0.28619459087976584, 0.06550749641723519, 0.28619459087976584, 0.06550749641723519, 0.28619459087976584, 0.06550749641723519, 0.28619459087976584, 0.06550749641723519, 0.28619459087976584, 0.06550749641723519, 0.28619459087976584, 0.06550749641723519, 0.28619459087976584, 0.06550749641723519]
"Eye Segment7G"
[0.6317562021923949, 0.9994849563694143, 0.5193441120144384, 0.47376064012629915, 0.5193441120144384, 0.47376064012629915, 0.5193441120144384, 0.47376064012629915, 0.5193441120144384, 0.47376064012629915, 0.5193441120144384, 0.47376064012629915, 0.5193441120144384, 0.47376064012629915, 0.5193441120144384, 0.47376064012629915, 0.5193441120144384, 0.47376064012629915]
"Eye Segment7B"
[0.3667924749099428, 0.8709220741815968, 0.3667924749099428, 0.8511411287790448, 0.3667924749099428, 0.8511411287790448, 0.3667924749099428, 0.8511411287790448, 0.3667924749099428, 0.8511411287790448, 0.3667924749099428, 0.8511411287790448, 0.3667924749099428, 0.8511411287790448, 0.3667924749099428, 0.8511411287790448, 0.3667924749099428, 0.8511411287790448]
"Eye Segment8Dis"
[3.772149154774359, 0.5568598025105633, 3.8422652836437163, 0.629801420049422, 3.8422652836437163, 0.629801420049422, 3.8422652836437163, 0.629801420049422, 3.8422652836437163, 0.629801420049422, 3.8422652836437163, 0.629801420049422, 3.8422652836437163, 0.629801420049422, 3.8422652836437163, 0.629801420049422, 3.8422652836437163, 0.629801420049422]
"Eye Segment8R"
[1.0296859724215048, 0.7850672573400095, 1.0296859724215048, 0.7850672573400095, 1.0296859724215048, 0.7850672573400095, 1.0296859724215048, 0.7850672573400095, 1.0296859724215048, 0.7850672573400095, 1.0296859724215048, 0.7850672573400095, 1.0296859724215048, 0.7850672573400095, 1.0296859724215048, 0.7850672573400095, 1.0296859724215048, 0.7850672573400095]
"Eye Segment8G"
[0.7376637781754862, 1.218337728914905, 0.7376637781754862, 0.9054745289477532, 0.7376637781754862, 0.9054745289477532, 0.7376637781754862, 0.9054745289477532, 0.7376637781754862, 0.9054745289477532, 0.7376637781754862, 0.9054745289477532, 0.7376637781754862, 0.9054745289477532, 0.7376637781754862, 0.9054745289477532, 0.7376637781754862, 0.9054745289477532]
"Eye Segment8B"
[0.29999999999999993, 0.28426412971858006, 0.29999999999999993, 0.28426412971858006, 0.29999999999999993, 0.28426412971858006, 0.29999999999999993, 0.28426412971858006, 0.29999999999999993, 0.28426412971858006, 0.29999999999999993, 0.28426412971858006, 0.29999999999999993, 0.28426412971858006, 0.29999999999999993, 0.28426412971858006, 0.29999999999999993, 0.28426412971858006]
"N40"
[0.0, 0.6338521976207397, 0, 0.6338521976207397, 0, 0.6338521976207397, 0, 0.6338521976207397, 0, 0.6338521976207397, 0, 0.6338521976207397, 0, 0.6338521976207397, 0, 0.6338521976207397, 0, 0.6338521976207397]
"N41"
[0.5685251197550303, 0.29999999999999993, 0.5685251197550303, 0.29999999999999993, 0.5685251197550303, 0.29999999999999993, 0.5685251197550303, 0.29999999999999993, 0.5685251197550303, 0.29999999999999993, 0.5685251197550303, 0.29999999999999993, 0.5685251197550303, 0.29999999999999993, 0.5685251197550303, 0.29999999999999993, 0.5685251197550303, 0.29999999999999993]
"N42"
[0.13298020167915947, 1.5671290681877559, 0.13298020167915947, 1.5671290681877559, 0.13298020167915947, 1.5671290681877559, 0.13298020167915947, 1.5671290681877559, 0.13298020167915947, 1.5671290681877559, 0.13298020167915947, 1.5671290681877559, 0.13298020167915947, 1.5671290681877559, 0.13298020167915947, 1.5671290681877559, 0.13298020167915947, 1.5671290681877559]
"N43"
[2.34084494026106, 0.08132122892302229, 0.6129973419266408, 0.08132122892302229, 0.6129973419266408, 0.08132122892302229, 0.6129973419266408, 0.08132122892302229, 0.6129973419266408, 0.08132122892302229, 0.6129973419266408, 0.08132122892302229, 0.6129973419266408, 0.08132122892302229, 0.6129973419266408, 0.08132122892302229, 0.6129973419266408, 0.08132122892302229]
"N44"
[0.7253555754115188, 0.037795555209001463, 0.7253555754115188, 0.037795555209001463, 0.7253555754115188, 0.037795555209001463, 0.7253555754115188, 0.037795555209001463, 0.7253555754115188, 0.037795555209001463, 0.7253555754115188, 0.037795555209001463, 0.7253555754115188, 0.037795555209001463, 0.7253555754115188, 0.037795555209001463, 0.7253555754115188, 0.037795555209001463]
"N45"
[0.06098737157809342, 0.16025782354089885, 0.3273782363168717, 0.015662130177047096, 0.3273782363168717, 0.015662130177047096, 0.3273782363168717, 0.015662130177047096, 0.3273782363168717, 0.015662130177047096, 0.3273782363168717, 0.015662130177047096, 0.3273782363168717, 0.015662130177047096, 0.3273782363168717, 0.015662130177047096, 0.3273782363168717, 0.015662130177047096]
"N46"
[0.4885881425408689, 0.6160323481816784, 0, 0.49525755584008646, 0, 0.49525755584008646, 0, 0.49525755584008646, 0, 0.49525755584008646, 0, 0.49525755584008646, 0, 0.49525755584008646, 0, 0.49525755584008646, 0, 0.49525755584008646]
"N47"
[3.40735527436263, 0.10379618609069208, 3.40735527436263, 0, 3.40735527436263, 0, 3.40735527436263, 0, 3.40735527436263, 0, 3.40735527436263, 0, 3.40735527436263, 0, 3.40735527436263, 0, 3.40735527436263, 0]
"N48"
[2.1771699825048154, 0.9795114210189272, 2.6049102638775175, 1.0518981122521724, 2.6049102638775175, 1.0518981122521724, 2.6049102638775175, 1.0518981122521724, 2.6049102638775175, 1.0518981122521724, 2.6049102638775175, 1.0518981122521724, 2.6049102638775175, 1.0518981122521724, 2.6049102638775175, 1.0518981122521724, 2.6049102638775175, 1.0518981122521724]
"N49"
[2.3915806113091453, 5.320444327542964, 2.3915806113091453, 4.994541055680901, 2.3915806113091453, 4.994541055680901, 2.3915806113091453, 4.994541055680901, 2.3915806113091453, 4.994541055680901, 2.3915806113091453, 4.994541055680901, 2.3915806113091453, 4.994541055680901, 2.3915806113091453, 4.994541055680901, 2.3915806113091453, 4.994541055680901]
"N50"
[0, 0.8306031930587737, 0, 0.8306031930587737, 0, 0.8306031930587737, 0, 0.8306031930587737, 0, 0.8306031930587737, 0, 0.8306031930587737, 0, 0.8306031930587737, 0, 0.8306031930587737, 0, 0.8306031930587737]
"N51"
[3.4995839537576567, 3.9083161944498293, 3.4995839537576567, 4.3467102502315065, 3.4995839537576567, 4.3467102502315065, 3.4995839537576567, 4.3467102502315065, 3.4995839537576567, 4.3467102502315065, 3.4995839537576567, 4.3467102502315065, 3.4995839537576567, 4.3467102502315065, 3.4995839537576567, 4.3467102502315065, 3.4995839537576567, 4.3467102502315065]
"N52"
[0.3566864830576868, 2.688667589652489, 0.14692248786941275, 2.688667589652489, 0.14692248786941275, 2.688667589652489, 0.14692248786941275, 2.688667589652489, 0.14692248786941275, 2.688667589652489, 0.14692248786941275, 2.688667589652489, 0.14692248786941275, 2.688667589652489, 0.14692248786941275, 2.688667589652489, 0.14692248786941275, 2.688667589652489]
"N53"
[0.0, 4.300795097045367, 0, 3.243943200425255, 0, 3.243943200425255, 0, 3.243943200425255, 0, 3.243943200425255, 0, 3.243943200425255, 0, 3.243943200425255, 0, 3.243943200425255, 0, 3.243943200425255]
"N54"
[1.715206753470898, 0.6707383305423297, 0.44240986178471264, 0.5518984839267957, 0.44240986178471264, 0.5518984839267957, 0.44240986178471264, 0.5518984839267957, 0.44240986178471264, 0.5518984839267957, 0.44240986178471264, 0.5518984839267957, 0.44240986178471264, 0.5518984839267957, 0.44240986178471264, 0.5518984839267957, 0.44240986178471264, 0.5518984839267957]
"N55"
[2.3248730554635606, 0.480851099466696, 0.8679732245268965, 0.6542957153783132, 0.8679732245268965, 0.6542957153783132, 0.8679732245268965, 0.6542957153783132, 0.8679732245268965, 0.6542957153783132, 0.8679732245268965, 0.6542957153783132, 0.8679732245268965, 0.6542957153783132, 0.8679732245268965, 0.6542957153783132, 0.8679732245268965, 0.6542957153783132]
"N56"
[1.2292415900613565, 0.8673398807064145, 0.7430480645133746, 0.8673398807064145, 0.7430480645133746, 0.8673398807064145, 0.7430480645133746, 0.8673398807064145, 0.7430480645133746, 0.8673398807064145, 0.7430480645133746, 0.8673398807064145, 0.7430480645133746, 0.8673398807064145, 0.7430480645133746, 0.8673398807064145, 0.7430480645133746, 0.8673398807064145]
"N57"
[1.6385113004693705, 5.614044930979017, 0.02659311496219441, 4.8374506991677135, 0.02659311496219441, 4.8374506991677135, 0.02659311496219441, 4.8374506991677135, 0.02659311496219441, 4.8374506991677135, 0.02659311496219441, 4.8374506991677135, 0.02659311496219441, 4.8374506991677135, 0.02659311496219441, 4.8374506991677135, 0.02659311496219441, 4.8374506991677135]
"N58"
[0.7567616582882221, 0.19707302414494898, 0.3867369800553314, 0.19707302414494898, 0.3867369800553314, 0.19707302414494898, 0.3867369800553314, 0.19707302414494898, 0.3867369800553314, 0.19707302414494898, 0.3867369800553314, 0.19707302414494898, 0.3867369800553314, 0.19707302414494898, 0.3867369800553314, 0.19707302414494898, 0.3867369800553314, 0.19707302414494898]
"N59"
[0.8878689250670958, 0.0, 0.5430546292500735, 0, 0.5430546292500735, 0, 0.5430546292500735, 0, 0.5430546292500735, 0, 0.5430546292500735, 0, 0.5430546292500735, 0, 0.5430546292500735, 0, 0.5430546292500735, 0]
"N60"
[1.0176443245975517, 1.7419983255387597, 1.0176443245975517, 0.2373605300483015, 1.0176443245975517, 0.2373605300483015, 1.0176443245975517, 0.2373605300483015, 1.0176443245975517, 0.2373605300483015, 1.0176443245975517, 0.2373605300483015, 1.0176443245975517, 0.2373605300483015, 1.0176443245975517, 0.2373605300483015, 1.0176443245975517, 0.2373605300483015]
"EA"
[1.8727544784166021, 1.9922127907743985, 0.6146482159505235, 0.3045789580925742, 0.6146482159505235, 0.3045789580925742, 0.6146482159505235, 0.3045789580925742, 0.6146482159505235, 0.3045789580925742, 0.6146482159505235, 0.3045789580925742, 0.6146482159505235, 0.3045789580925742, 0.6146482159505235, 0.3045789580925742, 0.6146482159505235, 0.3045789580925742]
"VF"
[0.3802605518581653, 0.0, 0.09491902475800706, 0, 0.09491902475800706, 0, 0.09491902475800706, 0, 0.09491902475800706, 0, 0.09491902475800706, 0, 0.09491902475800706, 0, 0.09491902475800706, 0, 0.09491902475800706, 0]
"AVF"
[0.0, 4.261656883524118, 0, 4.713741392649699, 0, 4.713741392649699, 0, 4.713741392649699, 0, 4.713741392649699, 0, 4.713741392649699, 0, 4.713741392649699, 0, 4.713741392649699, 0, 4.713741392649699]
~