8.0
1.0
64
"EP"
[1.1342141797757406, 1.4194464002582474, 0.4883235358514929, 0.06632447621736348, 0.4883235358514929, 0.06632447621736348, 0.4883235358514929, 0.06632447621736348, 0.4883235358514929, 0.06632447621736348, 0.4883235358514929, 0.06632447621736348, 0.4883235358514929, 0.06632447621736348, 0.4883235358514929, 0.06632447621736348, 0.4883235358514929, 0.06632447621736348]
"DP"
[0.0016830179140188643, 0.44722466575632713, 0, 1.0046124467512234, 0, 1.0046124467512234, 0, 1.0046124467512234, 0, 1.0046124467512234, 0, 1.0046124467512234, 0, 1.0046124467512234, 0, 1.0046124467512234, 0, 1.0046124467512234]
"PPx"
[0.007395081474782673, 4.722440594163835, 0, 3.9068903015870515, 0, 3.9068903015870515, 0, 3.9068903015870515, 0, 3.9068903015870515, 0, 3.9068903015870515, 0, 3.9068903015870515, 0, 3.9068903015870515, 0, 3.9068903015870515]
"PPy"
[0.6810872274433136, 0, 0.6325801216368989, 0.6358338935995805, 0.6325801216368989, 0.6358338935995805, 0.6325801216368989, 0.6358338935995805, 0.6325801216368989, 0.6358338935995805, 0.6325801216368989, 0.6358338935995805, 0.6325801216368989, 0.6358338935995805, 0.6325801216368989, 0.6358338935995805, 0.6325801216368989, 0.6358338935995805]
"Eye Segment0Dis"
[0.9669679897788768, 1.2791981805612327, 0.6231271187963162, 0.2508685451491517, 0.6231271187963162, 0.2508685451491517, 0.6231271187963162, 0.2508685451491517, 0.6231271187963162, 0.2508685451491517, 0.6231271187963162, 0.2508685451491517, 0.6231271187963162, 0.2508685451491517, 0.6231271187963162, 0.2508685451491517, 0.6231271187963162, 0.2508685451491517]
"Eye Segment0R"
[0.20094488932072135, 1.1804127425095652, 0, 0.06569383625887537, 0, 0.06569383625887537, 0, 0.06569383625887537, 0, 0.06569383625887537, 0, 0.06569383625887537, 0, 0.06569383625887537, 0, 0.06569383625887537, 0, 0.06569383625887537]
"Eye Segment0G"
[0.00033598897482649357, 0.7058140212665163, 0.3794986979385079, 0, 0.3794986979385079, 0, 0.3794986979385079, 0, 0.3794986979385079, 0, 0.3794986979385079, 0, 0.3794986979385079, 0, 0.3794986979385079, 0, 0.3794986979385079, 0]
"Eye Segment0B"
[1.2245365440337979, 1.936656724327013, 0.7408265415038562, 2.4466235625631896, 0.7408265415038562, 2.4466235625631896, 0.7408265415038562, 2.4466235625631896, 0.7408265415038562, 2.4466235625631896, 0.7408265415038562, 2.4466235625631896, 0.7408265415038562, 2.4466235625631896, 0.7408265415038562, 2.4466235625631896, 0.7408265415038562, 2.4466235625631896]
"Eye Segment1Dis"
[1.6870940386444278, 1.2949711790554368, 3.198669719830069, 0.39477545088218424, 3.198669719830069, 0.39477545088218424, 3.198669719830069, 0.39477545088218424, 3.198669719830069, 0.39477545088218424, 3.198669719830069, 0.39477545088218424, 3.198669719830069, 0.39477545088218424, 3.198669719830069, 0.39477545088218424, 3.198669719830069, 0.39477545088218424]
"Eye Segment1R"
[0, 0.7933105486452238, 0, 0.9322356398363663, 0, 0.9322356398363663, 0, 0.9322356398363663, 0, 0.9322356398363663, 0, 0.9322356398363663, 0, 0.9322356398363663, 0, 0.9322356398363663, 0, 0.9322356398363663]
"Eye Segment1G"
[1.254834509706118, 0.693988989174056, 1.4087184811283682, 0.7098814832334669, 1.4087184811283682, 0.7098814832334669, 1.4087184811283682, 0.7098814832334669, 1.4087184811283682, 0.7098814832334669, 1.4087184811283682, 0.7098814832334669, 1.4087184811283682, 0.7098814832334669, 1.4087184811283682, 0.7098814832334669, 1.4087184811283682, 0.7098814832334669]
"Eye Segment1B"
[1.1486428132760793, 0.7090758807363462, 0, 0, 0, 0, 0, 0, 0, 0, 0, 0, 0, 0, 0, 0, 0, 0]
"Eye Segment2Dis"
[0, 0.40716952098024034, 0, 0.9191609096528568, 0, 0.9191609096528568, 0, 0.9191609096528568, 0, 0.9191609096528568, 0, 0.9191609096528568, 0, 0.9191609096528568, 0, 0.9191609096528568, 0, 0.9191609096528568]
"Eye Segment2R"
[1.7410532296377306e-05, 0.04775999760227917, 0, 0.09132210830831655, 0, 0.09132210830831655, 0, 0.09132210830831655, 0, 0.09132210830831655, 0, 0.09132210830831655, 0, 0.09132210830831655, 0, 0.09132210830831655, 0, 0.09132210830831655]
"Eye Segment2G"
[0, 0.9215692462065046, 0, 0, 0, 0, 0, 0, 0, 0, 0, 0, 0, 0, 0, 0, 0, 0]
"Eye Segment2B"
[0, 0, 0.29999999999999993, 0, 0.29999999999999993, 0, 0.29999999999999993, 0, 0.29999999999999993, 0, 0.29999999999999993, 0, 0.29999999999999993, 0, 0.29999999999999993, 0, 0.29999999999999993, 0]
"Eye Segment3Dis"
[0.8935295186404829, 3.898056313043869, 1.3563464770401517, 4.360675206489939, 1.3563464770401517, 4.360675206489939, 1.3563464770401517, 4.360675206489939, 1.3563464770401517, 4.360675206489939, 1.3563464770401517, 4.360675206489939, 1.3563464770401517, 4.360675206489939, 1.3563464770401517, 4.360675206489939, 1.3563464770401517, 4.360675206489939]
"Eye Segment3R"
[0.7909673134118559, 9.558038370315274e-05, 0.7638953954353669, 0, 0.7638953954353669, 0, 0.7638953954353669, 0, 0.7638953954353669, 0, 0.7638953954353669, 0, 0.7638953954353669, 0, 0.7638953954353669, 0, 0.7638953954353669, 0]
"Eye Segment3G"
[1.8830110237122626, 0, 0.57111033695967, 0, 0.57111033695967, 0, 0.57111033695967, 0, 0.57111033695967, 0, 0.57111033695967, 0, 0.57111033695967, 0, 0.57111033695967, 0, 0.57111033695967, 0]
"Eye Segment3B"
[0, 0, 0.09655948060637176, 0.0461045587714255, 0.09655948060637176, 0.0461045587714255, 0.09655948060637176, 0.0461045587714255, 0.09655948060637176, 0.0461045587714255, 0.09655948060637176, 0.0461045587714255, 0.09655948060637176, 0.0461045587714255, 0.09655948060637176, 0.0461045587714255, 0.09655948060637176, 0.0461045587714255]
"Eye Segment4Dis"
[0.25071248854154154, 1.5935560220633018, 0, 0, 0, 0, 0, 0, 0, 0, 0, 0, 0, 0, 0, 0, 0, 0]
"Eye Segment4R"
[1.8824285673177055, 0, 0, 0, 0, 0, 0, 0, 0, 0, 0, 0, 0, 0, 0, 0, 0, 0]
"Eye Segment4G"
[0.6547852229038911, 0.0002030413737883639, 0.6346754854410004, 0, 0.6346754854410004, 0, 0.6346754854410004, 0, 0.6346754854410004, 0, 0.6346754854410004, 0, 0.6346754854410004, 0, 0.6346754854410004, 0, 0.6346754854410004, 0]
"Eye Segment4B"
[1.0076849008935174, 3.231744767026137, 0.6133270389823829, 3.352677614459492, 0.6133270389823829, 3.352677614459492, 0.6133270389823829, 3.352677614459492, 0.6133270389823829, 3.352677614459492, 0.6133270389823829, 3.352677614459492, 0.6133270389823829, 3.352677614459492, 0.6133270389823829, 3.352677614459492, 0.6133270389823829, 3.352677614459492]
"Eye Segment5Dis"
[0.0002599099569139615, 1.6586070541806475, 0.29999999999999993, 0.7364424056622013, 0.29999999999999993, 0.7364424056622013, 0.29999999999999993, 0.7364424056622013, 0.29999999999999993, 0.7364424056622013, 0.29999999999999993, 0.7364424056622013, 0.29999999999999993, 0.7364424056622013, 0.29999999999999993, 0.7364424056622013, 0.29999999999999993, 0.7364424056622013]
"Eye Segment5R"
[0.00017092784637083157, 0.6083678642985915, 0.019588492705934546, 0, 0.019588492705934546, 0, 0.019588492705934546, 0, 0.019588492705934546, 0, 0.019588492705934546, 0, 0.019588492705934546, 0, 0.019588492705934546, 0, 0.019588492705934546, 0]
"Eye Segment5G"
[2.404452810598662, 0.14429399090433015, 2.214570610904637, 0.4907817137805326, 2.214570610904637, 0.4907817137805326, 2.214570610904637, 0.4907817137805326, 2.214570610904637, 0.4907817137805326, 2.214570610904637, 0.4907817137805326, 2.214570610904637, 0.4907817137805326, 2.214570610904637, 0.4907817137805326, 2.214570610904637, 0.4907817137805326]
"Eye Segment5B"
[1.1508144576371129, 0, 0.0454322705119663, 0, 0.0454322705119663, 0, 0.0454322705119663, 0, 0.0454322705119663, 0, 0.0454322705119663, 0, 0.0454322705119663, 0, 0.0454322705119663, 0, 0.0454322705119663, 0]
"Eye Segment6Dis"
[0.40183901503098896, 0.01702735566165749, 0.38215378753098816, 0.24281480648308473, 0.38215378753098816, 0.24281480648308473, 0.38215378753098816, 0.24281480648308473, 0.38215378753098816, 0.24281480648308473, 0.38215378753098816, 0.24281480648308473, 0.38215378753098816, 0.24281480648308473, 0.38215378753098816, 0.24281480648308473, 0.38215378753098816, 0.24281480648308473]
"Eye Segment6R"
[0.9552774376639104, 0.7035778087407357, 0.4652617074811791, 0, 0.4652617074811791, 0, 0.4652617074811791, 0, 0.4652617074811791, 0, 0.4652617074811791, 0, 0.4652617074811791, 0, 0.4652617074811791, 0, 0.4652617074811791, 0]
"Eye Segment6G"
[0.00027818966561381176, 0.0005237230618584154, 0, 0, 0, 0, 0, 0, 0, 0, 0, 0, 0, 0, 0, 0, 0, 0]
"Eye Segment6B"
[0, 0, 0.13898197714963534, 0, 0.13898197714963534, 0, 0.13898197714963534, 0, 0.13898197714963534, 0, 0.13898197714963534, 0, 0.13898197714963534, 0, 0.13898197714963534, 0, 0.13898197714963534, 0]
"Eye Segment7Dis"
[1.7773124437695673, 0, 0.031433619081242314, 0.6363964577111326, 0.031433619081242314, 0.6363964577111326, 0.031433619081242314, 0.6363964577111326, 0.031433619081242314, 0.6363964577111326, 0.031433619081242314, 0.6363964577111326, 0.031433619081242314, 0.6363964577111326, 0.031433619081242314, 0.6363964577111326, 0.031433619081242314, 0.6363964577111326]
"Eye Segment7R"
[0.7313817709989014, 1.1094116750436234, 0.28619459087976584, 0.06550749641723519, 0.28619459087976584, 0.06550749641723519, 0.28619459087976584, 0.06550749641723519, 0.28619459087976584, 0.06550749641723519, 0.28619459087976584, 0.06550749641723519, 0.28619459087976584, 0.06550749641723519, 0.28619459087976584, 0.06550749641723519, 0.28619459087976584, 0.06550749641723519]
"Eye Segment7G"
[1.3060337124864838, 0.46734990695354217, 0.5193441120144384, 0.47376064012629915, 0.5193441120144384, 0.47376064012629915, 0.5193441120144384, 0.47376064012629915, 0.5193441120144384, 0.47376064012629915, 0.5193441120144384, 0.47376064012629915, 0.5193441120144384, 0.47376064012629915, 0.5193441120144384, 0.47376064012629915, 0.5193441120144384, 0.47376064012629915]
"Eye Segment7B"
[0.07077363491164179, 2.604186715735637, 0.3667924749099428, 0.8511411287790448, 0.3667924749099428, 0.8511411287790448, 0.3667924749099428, 0.8511411287790448, 0.3667924749099428, 0.8511411287790448, 0.3667924749099428, 0.8511411287790448, 0.3667924749099428, 0.8511411287790448, 0.3667924749099428, 0.8511411287790448, 0.3667924749099428, 0.8511411287790448]
"Eye Segment8Dis"
[4.584292088349164, 0.6317029146389973, 3.8422652836437163, 0.629801420049422, 3.8422652836437163, 0.629801420049422, 3.8422652836437163, 0.629801420049422, 3.8422652836437163, 0.629801420049422, 3.8422652836437163, 0.629801420049422, 3.8422652836437163, 0.629801420049422, 3.8422652836437163, 0.629801420049422, 3.8422652836437163, 0.629801420049422]
"Eye Segment8R"
[2.29961267112447, 0.08082600351805991, 1.0296859724215048, 0.7850672573400095, 1.0296859724215048, 0.7850672573400095, 1.0296859724215048, 0.7850672573400095, 1.0296859724215048, 0.7850672573400095, 1.0296859724215048, 0.7850672573400095, 1.0296859724215048, 0.7850672573400095, 1.0296859724215048, 0.7850672573400095, 1.0296859724215048, 0.7850672573400095]
"Eye Segment8G"
[0.5901965933291621, 0.5218694739141793, 0.7376637781754862, 0.9054745289477532, 0.7376637781754862, 0.9054745289477532, 0.7376637781754862, 0.9054745289477532, 0.7376637781754862, 0.9054745289477532, 0.7376637781754862, 0.9054745289477532, 0.7376637781754862, 0.9054745289477532, 0.7376637781754862, 0.9054745289477532, 0.7376637781754862, 0.9054745289477532]
"Eye Segment8B"
[0, 0.9304548922705465, 0.29999999999999993, 0.28426412971858006, 0.29999999999999993, 0.28426412971858006, 0.29999999999999993, 0.28426412971858006, 0.29999999999999993, 0.28426412971858006, 0.29999999999999993, 0.28426412971858006, 0.29999999999999993, 0.28426412971858006, 0.29999999999999993, 0.28426412971858006, 0.29999999999999993, 0.28426412971858006]
"N40"
[0.04324272365269244, 1.845485214155291, 0, 0.6338521976207397, 0, 0.6338521976207397, 0, 0.6338521976207397, 0, 0.6338521976207397, 0, 0.6338521976207397, 0, 0.6338521976207397, 0, 0.6338521976207397, 0, 0.6338521976207397]
"N41"
[0.0003948599056576654, 0.9500732685898364, 0.5685251197550303, 0.29999999999999993, 0.5685251197550303, 0.29999999999999993, 0.5685251197550303, 0.29999999999999993, 0.5685251197550303, 0.29999999999999993, 0.5685251197550303, 0.29999999999999993, 0.5685251197550303, 0.29999999999999993, 0.5685251197550303, 0.29999999999999993, 0.5685251197550303, 0.29999999999999993]
"N42"
[0.6887101101368516, 2.208419160857701, 0.13298020167915947, 1.5671290681877559, 0.13298020167915947, 1.5671290681877559, 0.13298020167915947, 1.5671290681877559, 0.13298020167915947, 1.5671290681877559, 0.13298020167915947, 1.5671290681877559, 0.13298020167915947, 1.5671290681877559, 0.13298020167915947, 1.5671290681877559, 0.13298020167915947, 1.5671290681877559]
"N43"
[0.20002147876217474, 0.19187348840119495, 0.6129973419266408, 0.08132122892302229, 0.6129973419266408, 0.08132122892302229, 0.6129973419266408, 0.08132122892302229, 0.6129973419266408, 0.08132122892302229, 0.6129973419266408, 0.08132122892302229, 0.6129973419266408, 0.08132122892302229, 0.6129973419266408, 0.08132122892302229, 0.6129973419266408, 0.08132122892302229]
"N44"
[0.24367119516901253, 0.23839883496618275, 0.7253555754115188, 0.037795555209001463, 0.7253555754115188, 0.037795555209001463, 0.7253555754115188, 0.037795555209001463, 0.7253555754115188, 0.037795555209001463, 0.7253555754115188, 0.037795555209001463, 0.7253555754115188, 0.037795555209001463, 0.7253555754115188, 0.037795555209001463, 0.7253555754115188, 0.037795555209001463]
"N45"
[0, 0.4993819435794609, 0.3273782363168717, 0.015662130177047096, 0.3273782363168717, 0.015662130177047096, 0.3273782363168717, 0.015662130177047096, 0.3273782363168717, 0.015662130177047096, 0.3273782363168717, 0.015662130177047096, 0.3273782363168717, 0.015662130177047096, 0.3273782363168717, 0.015662130177047096, 0.3273782363168717, 0.015662130177047096]
"N46"
[0.5549865887936669, 1.220919427587289, 0, 0.49525755584008646, 0, 0.49525755584008646, 0, 0.49525755584008646, 0, 0.49525755584008646, 0, 0.49525755584008646, 0, 0.49525755584008646, 0, 0.49525755584008646, 0, 0.49525755584008646]
"N47"
[3.937123668232262, 0.2583412386675895, 3.40735527436263, 0, 3.40735527436263, 0, 3.40735527436263, 0, 3.40735527436263, 0, 3.40735527436263, 0, 3.40735527436263, 0, 3.40735527436263, 0, 3.40735527436263, 0]
"N48"
[2.9832464359579207, 0.6343484253410765, 2.6049102638775175, 1.0518981122521724, 2.6049102638775175, 1.0518981122521724, 2.6049102638775175, 1.0518981122521724, 2.6049102638775175, 1.0518981122521724, 2.6049102638775175, 1.0518981122521724, 2.6049102638775175, 1.0518981122521724, 2.6049102638775175, 1.0518981122521724, 2.6049102638775175, 1.0518981122521724]
"N49"
[1.9950072256273073, 3.95050592115075, 2.3915806113091453, 4.994541055680901, 2.3915806113091453, 4.994541055680901, 2.3915806113091453, 4.994541055680901, 2.3915806113091453, 4.994541055680901, 2.3915806113091453, 4.994541055680901, 2.3915806113091453, 4.994541055680901, 2.3915806113091453, 4.994541055680901, 2.3915806113091453, 4.994541055680901]
"N50"
[0, 0.47841162682531296, 0, 0.8306031930587737, 0, 0.8306031930587737, 0, 0.8306031930587737, 0, 0.8306031930587737, 0, 0.8306031930587737, 0, 0.8306031930587737, 0, 0.8306031930587737, 0, 0.8306031930587737]
"N51"
[3.202219386490667, 3.799273248509314, 3.4995839537576567, 4.3467102502315065, 3.4995839537576567, 4.3467102502315065, 3.4995839537576567, 4.3467102502315065, 3.4995839537576567, 4.3467102502315065, 3.4995839537576567, 4.3467102502315065, 3.4995839537576567, 4.3467102502315065, 3.4995839537576567, 4.3467102502315065, 3.4995839537576567, 4.3467102502315065]
"N52"
[0.21454168236084428, 2.554177090075066, 0.14692248786941275, 2.688667589652489, 0.14692248786941275, 2.688667589652489, 0.14692248786941275, 2.688667589652489, 0.14692248786941275, 2.688667589652489, 0.14692248786941275, 2.688667589652489, 0.14692248786941275, 2.688667589652489, 0.14692248786941275, 2.688667589652489, 0.14692248786941275, 2.688667589652489]
"N53"
[0.33318838925198235, 3.9650300634471005, 0, 3.243943200425255, 0, 3.243943200425255, 0, 3.243943200425255, 0, 3.243943200425255, 0, 3.243943200425255, 0, 3.243943200425255, 0, 3.243943200425255, 0, 3.243943200425255]
"N54"
[0.8064462144581624, 0, 0.44240986178471264, 0.5518984839267957, 0.44240986178471264, 0.5518984839267957, 0.44240986178471264, 0.5518984839267957, 0.44240986178471264, 0.5518984839267957, 0.44240986178471264, 0.5518984839267957, 0.44240986178471264, 0.5518984839267957, 0.44240986178471264, 0.5518984839267957, 0.44240986178471264, 0.5518984839267957]
"N55"
[1.2119625272404928, 1.8490727869240375, 0.8679732245268965, 0.6542957153783132, 0.8679732245268965, 0.6542957153783132, 0.8679732245268965, 0.6542957153783132, 0.8679732245268965, 0.6542957153783132, 0.8679732245268965, 0.6542957153783132, 0.8679732245268965, 0.6542957153783132, 0.8679732245268965, 0.6542957153783132, 0.8679732245268965, 0.6542957153783132]
"N56"
[0.14393315401714496, 1.141359250267378, 0.7430480645133746, 0.8673398807064145, 0.7430480645133746, 0.8673398807064145, 0.7430480645133746, 0.8673398807064145, 0.7430480645133746, 0.8673398807064145, 0.7430480645133746, 0.8673398807064145, 0.7430480645133746, 0.8673398807064145, 0.7430480645133746, 0.8673398807064145, 0.7430480645133746, 0.8673398807064145]
"N57"
[0.045393925652081744, 4.629942557394157, 0.02659311496219441, 4.8374506991677135, 0.02659311496219441, 4.8374506991677135, 0.02659311496219441, 4.8374506991677135, 0.02659311496219441, 4.8374506991677135, 0.02659311496219441, 4.8374506991677135, 0.02659311496219441, 4.8374506991677135, 0.02659311496219441, 4.8374506991677135, 0.02659311496219441, 4.8374506991677135]
"N58"
[3.29483434730706e-05, 0.20460142616675947, 0.3867369800553314, 0.19707302414494898, 0.3867369800553314, 0.19707302414494898, 0.3867369800553314, 0.19707302414494898, 0.3867369800553314, 0.19707302414494898, 0.3867369800553314, 0.19707302414494898, 0.3867369800553314, 0.19707302414494898, 0.3867369800553314, 0.19707302414494898, 0.3867369800553314, 0.19707302414494898]
"N59"
[0, 1.0837694166271223, 0.5430546292500735, 0, 0.5430546292500735, 0, 0.5430546292500735, 0, 0.5430546292500735, 0, 0.5430546292500735, 0, 0.5430546292500735, 0, 0.5430546292500735, 0, 0.5430546292500735, 0]
"N60"
[0.9341640702341664, 0, 1.0176443245975517, 0.2373605300483015, 1.0176443245975517, 0.2373605300483015, 1.0176443245975517, 0.2373605300483015, 1.0176443245975517, 0.2373605300483015, 1.0176443245975517, 0.2373605300483015, 1.0176443245975517, 0.2373605300483015, 1.0176443245975517, 0.2373605300483015, 1.0176443245975517, 0.2373605300483015]
"EA"
[0.29592532807469396, 1.6556921175769774, 0.6146482159505235, 0.3045789580925742, 0.6146482159505235, 0.3045789580925742, 0.6146482159505235, 0.3045789580925742, 0.6146482159505235, 0.3045789580925742, 0.6146482159505235, 0.3045789580925742, 0.6146482159505235, 0.3045789580925742, 0.6146482159505235, 0.3045789580925742, 0.6146482159505235, 0.3045789580925742]
"VF"
[0.26851397142652156, 1.0030676211188416, 0.09491902475800706, 0, 0.09491902475800706, 0, 0.09491902475800706, 0, 0.09491902475800706, 0, 0.09491902475800706, 0, 0.09491902475800706, 0, 0.09491902475800706, 0, 0.09491902475800706, 0]
"AVF"
[0, 4.756940954682049, 0, 4.713741392649699, 0, 4.713741392649699, 0, 4.713741392649699, 0, 4.713741392649699, 0, 4.713741392649699, 0, 4.713741392649699, 0, 4.713741392649699, 0, 4.713741392649699]
~