8.0
1.0
64
"EP"
[0.9075066771658233, 1.0273083910261982, 0.4883235358514929, 0.06632447621736348, 0.4883235358514929, 0.06632447621736348, 0.4883235358514929, 0.06632447621736348, 0.4883235358514929, 0.06632447621736348, 0.4883235358514929, 0.06632447621736348, 0.4883235358514929, 0.06632447621736348, 0.4883235358514929, 0.06632447621736348, 0.4883235358514929, 0.06632447621736348]
"DP"
[0.13328056925675685, 0.6168655365955686, 0, 1.0046124467512234, 0, 1.0046124467512234, 0, 1.0046124467512234, 0, 1.0046124467512234, 0, 1.0046124467512234, 0, 1.0046124467512234, 0, 1.0046124467512234, 0, 1.0046124467512234]
"PPx"
[0.1910946825417843, 3.1089305582959272, 0, 3.9068903015870515, 0, 3.9068903015870515, 0, 3.9068903015870515, 0, 3.9068903015870515, 0, 3.9068903015870515, 0, 3.9068903015870515, 0, 3.9068903015870515, 0, 3.9068903015870515]
"PPy"
[2.1853444000076157, 0.44340772840929726, 0.6325801216368989, 0.6358338935995805, 0.6325801216368989, 0.6358338935995805, 0.6325801216368989, 0.6358338935995805, 0.6325801216368989, 0.6358338935995805, 0.6325801216368989, 0.6358338935995805, 0.6325801216368989, 0.6358338935995805, 0.6325801216368989, 0.6358338935995805, 0.6325801216368989, 0.6358338935995805]
"Eye Segment0Dis"
[0.5058027890731797, 1.1791011511710447, 0.6231271187963162, 0.2508685451491517, 0.6231271187963162, 0.2508685451491517, 0.6231271187963162, 0.2508685451491517, 0.6231271187963162, 0.2508685451491517, 0.6231271187963162, 0.2508685451491517, 0.6231271187963162, 0.2508685451491517, 0.6231271187963162, 0.2508685451491517, 0.6231271187963162, 0.2508685451491517]
"Eye Segment0R"
[0, 1.0062443312287352, 0, 0.06569383625887537, 0, 0.06569383625887537, 0, 0.06569383625887537, 0, 0.06569383625887537, 0, 0.06569383625887537, 0, 0.06569383625887537, 0, 0.06569383625887537, 0, 0.06569383625887537]
"Eye Segment0G"
[0.059477407227938706, 0.558312939304863, 0.3794986979385079, 0, 0.3794986979385079, 0, 0.3794986979385079, 0, 0.3794986979385079, 0, 0.3794986979385079, 0, 0.3794986979385079, 0, 0.3794986979385079, 0, 0.3794986979385079, 0]
"Eye Segment0B"
[1.6987553343380073, 1.7933708117975935, 0.7408265415038562, 2.4466235625631896, 0.7408265415038562, 2.4466235625631896, 0.7408265415038562, 2.4466235625631896, 0.7408265415038562, 2.4466235625631896, 0.7408265415038562, 2.4466235625631896, 0.7408265415038562, 2.4466235625631896, 0.7408265415038562, 2.4466235625631896, 0.7408265415038562, 2.4466235625631896]
"Eye Segment1Dis"
[2.342036068023796, 1.7686444914194408, 3.198669719830069, 0.39477545088218424, 3.198669719830069, 0.39477545088218424, 3.198669719830069, 0.39477545088218424, 3.198669719830069, 0.39477545088218424, 3.198669719830069, 0.39477545088218424, 3.198669719830069, 0.39477545088218424, 3.198669719830069, 0.39477545088218424, 3.198669719830069, 0.39477545088218424]
"Eye Segment1R"
[0, 1.1526417460503164, 0, 0.9322356398363663, 0, 0.9322356398363663, 0, 0.9322356398363663, 0, 0.9322356398363663, 0, 0.9322356398363663, 0, 0.9322356398363663, 0, 0.9322356398363663, 0, 0.9322356398363663]
"Eye Segment1G"
[1.857289906275685, 0.6901374633001418, 1.4087184811283682, 0.7098814832334669, 1.4087184811283682, 0.7098814832334669, 1.4087184811283682, 0.7098814832334669, 1.4087184811283682, 0.7098814832334669, 1.4087184811283682, 0.7098814832334669, 1.4087184811283682, 0.7098814832334669, 1.4087184811283682, 0.7098814832334669, 1.4087184811283682, 0.7098814832334669]
"Eye Segment1B"
[0.5019020537333252, 0, 0, 0, 0, 0, 0, 0, 0, 0, 0, 0, 0, 0, 0, 0, 0, 0]
"Eye Segment2Dis"
[0.4703604833342655, 0.5884457788515334, 0, 0.9191609096528568, 0, 0.9191609096528568, 0, 0.9191609096528568, 0, 0.9191609096528568, 0, 0.9191609096528568, 0, 0.9191609096528568, 0, 0.9191609096528568, 0, 0.9191609096528568]
"Eye Segment2R"
[0.27092796119121587, 0.871465080243198, 0, 0.09132210830831655, 0, 0.09132210830831655, 0, 0.09132210830831655, 0, 0.09132210830831655, 0, 0.09132210830831655, 0, 0.09132210830831655, 0, 0.09132210830831655, 0, 0.09132210830831655]
"Eye Segment2G"
[0.0017799307434340163, 0.5070879239373461, 0, 0, 0, 0, 0, 0, 0, 0, 0, 0, 0, 0, 0, 0, 0, 0]
"Eye Segment2B"
[0.3741410066323815, 0.18559693206996863, 0.29999999999999993, 0, 0.29999999999999993, 0, 0.29999999999999993, 0, 0.29999999999999993, 0, 0.29999999999999993, 0, 0.29999999999999993, 0, 0.29999999999999993, 0, 0.29999999999999993, 0]
"Eye Segment3Dis"
[1.8270958541786877, 3.4430502012025292, 1.3563464770401517, 4.360675206489939, 1.3563464770401517, 4.360675206489939, 1.3563464770401517, 4.360675206489939, 1.3563464770401517, 4.360675206489939, 1.3563464770401517, 4.360675206489939, 1.3563464770401517, 4.360675206489939, 1.3563464770401517, 4.360675206489939, 1.3563464770401517, 4.360675206489939]
"Eye Segment3R"
[1.2539806261920377, 0, 0.7638953954353669, 0, 0.7638953954353669, 0, 0.7638953954353669, 0, 0.7638953954353669, 0, 0.7638953954353669, 0, 0.7638953954353669, 0, 0.7638953954353669, 0, 0.7638953954353669, 0]
"Eye Segment3G"
[2.7798488423768806, 0.5040761853471387, 0.57111033695967, 0, 0.57111033695967, 0, 0.57111033695967, 0, 0.57111033695967, 0, 0.57111033695967, 0, 0.57111033695967, 0, 0.57111033695967, 0, 0.57111033695967, 0]
"Eye Segment3B"
[1.0731863158029782, 0.5126864589384593, 0.09655948060637176, 0.0461045587714255, 0.09655948060637176, 0.0461045587714255, 0.09655948060637176, 0.0461045587714255, 0.09655948060637176, 0.0461045587714255, 0.09655948060637176, 0.0461045587714255, 0.09655948060637176, 0.0461045587714255, 0.09655948060637176, 0.0461045587714255, 0.09655948060637176, 0.0461045587714255]
"Eye Segment4Dis"
[0.19284566015407056, 1.1058346983672995, 0, 0, 0, 0, 0, 0, 0, 0, 0, 0, 0, 0, 0, 0, 0, 0]
"Eye Segment4R"
[1.475363755315879, 0.45452365908260706, 0, 0, 0, 0, 0, 0, 0, 0, 0, 0, 0, 0, 0, 0, 0, 0]
"Eye Segment4G"
[0.8600530774547414, 0.6690994879026492, 0.6346754854410004, 0, 0.6346754854410004, 0, 0.6346754854410004, 0, 0.6346754854410004, 0, 0.6346754854410004, 0, 0.6346754854410004, 0, 0.6346754854410004, 0, 0.6346754854410004, 0]
"Eye Segment4B"
[1.5040817735962373, 3.6100780090792597, 0.6133270389823829, 3.352677614459492, 0.6133270389823829, 3.352677614459492, 0.6133270389823829, 3.352677614459492, 0.6133270389823829, 3.352677614459492, 0.6133270389823829, 3.352677614459492, 0.6133270389823829, 3.352677614459492, 0.6133270389823829, 3.352677614459492, 0.6133270389823829, 3.352677614459492]
"Eye Segment5Dis"
[0.20106385468623333, 0.7673975664632842, 0.29999999999999993, 0.7364424056622013, 0.29999999999999993, 0.7364424056622013, 0.29999999999999993, 0.7364424056622013, 0.29999999999999993, 0.7364424056622013, 0.29999999999999993, 0.7364424056622013, 0.29999999999999993, 0.7364424056622013, 0.29999999999999993, 0.7364424056622013, 0.29999999999999993, 0.7364424056622013]
"Eye Segment5R"
[0.09907274770338746, 1.7964702946775306, 0.019588492705934546, 0, 0.019588492705934546, 0, 0.019588492705934546, 0, 0.019588492705934546, 0, 0.019588492705934546, 0, 0.019588492705934546, 0, 0.019588492705934546, 0, 0.019588492705934546, 0]
"Eye Segment5G"
[2.2301804407785384, 0.5027282130464156, 2.214570610904637, 0.4907817137805326, 2.214570610904637, 0.4907817137805326, 2.214570610904637, 0.4907817137805326, 2.214570610904637, 0.4907817137805326, 2.214570610904637, 0.4907817137805326, 2.214570610904637, 0.4907817137805326, 2.214570610904637, 0.4907817137805326, 2.214570610904637, 0.4907817137805326]
"Eye Segment5B"
[1.6835406342755068, 0.17593367582519, 0.0454322705119663, 0, 0.0454322705119663, 0, 0.0454322705119663, 0, 0.0454322705119663, 0, 0.0454322705119663, 0, 0.0454322705119663, 0, 0.0454322705119663, 0, 0.0454322705119663, 0]
"Eye Segment6Dis"
[1.773978251838624, 0, 0.38215378753098816, 0.24281480648308473, 0.38215378753098816, 0.24281480648308473, 0.38215378753098816, 0.24281480648308473, 0.38215378753098816, 0.24281480648308473, 0.38215378753098816, 0.24281480648308473, 0.38215378753098816, 0.24281480648308473, 0.38215378753098816, 0.24281480648308473, 0.38215378753098816, 0.24281480648308473]
"Eye Segment6R"
[0.6320849510638038, 1.6603801724593132, 0.4652617074811791, 0, 0.4652617074811791, 0, 0.4652617074811791, 0, 0.4652617074811791, 0, 0.4652617074811791, 0, 0.4652617074811791, 0, 0.4652617074811791, 0, 0.4652617074811791, 0]
"Eye Segment6G"
[0.17061325756108958, 0.6316101299427856, 0, 0, 0, 0, 0, 0, 0, 0, 0, 0, 0, 0, 0, 0, 0, 0]
"Eye Segment6B"
[0.012094384507130974, 0.23702742326238707, 0.13898197714963534, 0, 0.13898197714963534, 0, 0.13898197714963534, 0, 0.13898197714963534, 0, 0.13898197714963534, 0, 0.13898197714963534, 0, 0.13898197714963534, 0, 0.13898197714963534, 0]
"Eye Segment7Dis"
[1.7168444857968415, 0.3891688190664153, 0.031433619081242314, 0.6363964577111326, 0.031433619081242314, 0.6363964577111326, 0.031433619081242314, 0.6363964577111326, 0.031433619081242314, 0.6363964577111326, 0.031433619081242314, 0.6363964577111326, 0.031433619081242314, 0.6363964577111326, 0.031433619081242314, 0.6363964577111326, 0.031433619081242314, 0.6363964577111326]
"Eye Segment7R"
[0.8437169935374825, 0.13111407798823366, 0.28619459087976584, 0.06550749641723519, 0.28619459087976584, 0.06550749641723519, 0.28619459087976584, 0.06550749641723519, 0.28619459087976584, 0.06550749641723519, 0.28619459087976584, 0.06550749641723519, 0.28619459087976584, 0.06550749641723519, 0.28619459087976584, 0.06550749641723519, 0.28619459087976584, 0.06550749641723519]
"Eye Segment7G"
[0.6748581892376219, 0.0, 0.5193441120144384, 0.47376064012629915, 0.5193441120144384, 0.47376064012629915, 0.5193441120144384, 0.47376064012629915, 0.5193441120144384, 0.47376064012629915, 0.5193441120144384, 0.47376064012629915, 0.5193441120144384, 0.47376064012629915, 0.5193441120144384, 0.47376064012629915, 0.5193441120144384, 0.47376064012629915]
"Eye Segment7B"
[0.1480077191684877, 2.610315665189063, 0.3667924749099428, 0.8511411287790448, 0.3667924749099428, 0.8511411287790448, 0.3667924749099428, 0.8511411287790448, 0.3667924749099428, 0.8511411287790448, 0.3667924749099428, 0.8511411287790448, 0.3667924749099428, 0.8511411287790448, 0.3667924749099428, 0.8511411287790448, 0.3667924749099428, 0.8511411287790448]
"Eye Segment8Dis"
[4.311216926721797, 0.6316992487139705, 3.8422652836437163, 0.629801420049422, 3.8422652836437163, 0.629801420049422, 3.8422652836437163, 0.629801420049422, 3.8422652836437163, 0.629801420049422, 3.8422652836437163, 0.629801420049422, 3.8422652836437163, 0.629801420049422, 3.8422652836437163, 0.629801420049422, 3.8422652836437163, 0.629801420049422]
"Eye Segment8R"
[3.3473719199739467, 0.7814627282591984, 1.0296859724215048, 0.7850672573400095, 1.0296859724215048, 0.7850672573400095, 1.0296859724215048, 0.7850672573400095, 1.0296859724215048, 0.7850672573400095, 1.0296859724215048, 0.7850672573400095, 1.0296859724215048, 0.7850672573400095, 1.0296859724215048, 0.7850672573400095, 1.0296859724215048, 0.7850672573400095]
"Eye Segment8G"
[1.4525048210363511, 1.3697547762671858, 0.7376637781754862, 0.9054745289477532, 0.7376637781754862, 0.9054745289477532, 0.7376637781754862, 0.9054745289477532, 0.7376637781754862, 0.9054745289477532, 0.7376637781754862, 0.9054745289477532, 0.7376637781754862, 0.9054745289477532, 0.7376637781754862, 0.9054745289477532, 0.7376637781754862, 0.9054745289477532]
"Eye Segment8B"
[0.10528716566970533, 2.8824642976347987, 0.29999999999999993, 0.28426412971858006, 0.29999999999999993, 0.28426412971858006, 0.29999999999999993, 0.28426412971858006, 0.29999999999999993, 0.28426412971858006, 0.29999999999999993, 0.28426412971858006, 0.29999999999999993, 0.28426412971858006, 0.29999999999999993, 0.28426412971858006, 0.29999999999999993, 0.28426412971858006]
"N40"
[0.3871332090868178, 1.5467386772416638, 0, 0.6338521976207397, 0, 0.6338521976207397, 0, 0.6338521976207397, 0, 0.6338521976207397, 0, 0.6338521976207397, 0, 0.6338521976207397, 0, 0.6338521976207397, 0, 0.6338521976207397]
"N41"
[0.003386618646706582, 2.4141089100858193, 0.5685251197550303, 0.29999999999999993, 0.5685251197550303, 0.29999999999999993, 0.5685251197550303, 0.29999999999999993, 0.5685251197550303, 0.29999999999999993, 0.5685251197550303, 0.29999999999999993, 0.5685251197550303, 0.29999999999999993, 0.5685251197550303, 0.29999999999999993, 0.5685251197550303, 0.29999999999999993]
"N42"
[0.6661784091401539, 2.2223870417956646, 0.13298020167915947, 1.5671290681877559, 0.13298020167915947, 1.5671290681877559, 0.13298020167915947, 1.5671290681877559, 0.13298020167915947, 1.5671290681877559, 0.13298020167915947, 1.5671290681877559, 0.13298020167915947, 1.5671290681877559, 0.13298020167915947, 1.5671290681877559, 0.13298020167915947, 1.5671290681877559]
"N43"
[0.4724197351883863, 0.1447213525928405, 0.6129973419266408, 0.08132122892302229, 0.6129973419266408, 0.08132122892302229, 0.6129973419266408, 0.08132122892302229, 0.6129973419266408, 0.08132122892302229, 0.6129973419266408, 0.08132122892302229, 0.6129973419266408, 0.08132122892302229, 0.6129973419266408, 0.08132122892302229, 0.6129973419266408, 0.08132122892302229]
"N44"
[2.48041867907816, 0.38144300091854155, 0.7253555754115188, 0.037795555209001463, 0.7253555754115188, 0.037795555209001463, 0.7253555754115188, 0.037795555209001463, 0.7253555754115188, 0.037795555209001463, 0.7253555754115188, 0.037795555209001463, 0.7253555754115188, 0.037795555209001463, 0.7253555754115188, 0.037795555209001463, 0.7253555754115188, 0.037795555209001463]
"N45"
[0.3135390886474866, 0.22100670618743584, 0.3273782363168717, 0.015662130177047096, 0.3273782363168717, 0.015662130177047096, 0.3273782363168717, 0.015662130177047096, 0.3273782363168717, 0.015662130177047096, 0.3273782363168717, 0.015662130177047096, 0.3273782363168717, 0.015662130177047096, 0.3273782363168717, 0.015662130177047096, 0.3273782363168717, 0.015662130177047096]
"N46"
[0, 1.5914396113725722, 0, 0.49525755584008646, 0, 0.49525755584008646, 0, 0.49525755584008646, 0, 0.49525755584008646, 0, 0.49525755584008646, 0, 0.49525755584008646, 0, 0.49525755584008646, 0, 0.49525755584008646]
"N47"
[3.2282790968325585, 0, 3.40735527436263, 0, 3.40735527436263, 0, 3.40735527436263, 0, 3.40735527436263, 0, 3.40735527436263, 0, 3.40735527436263, 0, 3.40735527436263, 0, 3.40735527436263, 0]
"N48"
[2.0612242204884557, 0.7999177014737634, 2.6049102638775175, 1.0518981122521724, 2.6049102638775175, 1.0518981122521724, 2.6049102638775175, 1.0518981122521724, 2.6049102638775175, 1.0518981122521724, 2.6049102638775175, 1.0518981122521724, 2.6049102638775175, 1.0518981122521724, 2.6049102638775175, 1.0518981122521724, 2.6049102638775175, 1.0518981122521724]
"N49"
[2.40207517531468, 4.2603703565789575, 2.3915806113091453, 4.994541055680901, 2.3915806113091453, 4.994541055680901, 2.3915806113091453, 4.994541055680901, 2.3915806113091453, 4.994541055680901, 2.3915806113091453, 4.994541055680901, 2.3915806113091453, 4.994541055680901, 2.3915806113091453, 4.994541055680901, 2.3915806113091453, 4.994541055680901]
"N50"
[1.7928390439730726, 1.0189385426769475, 0, 0.8306031930587737, 0, 0.8306031930587737, 0, 0.8306031930587737, 0, 0.8306031930587737, 0, 0.8306031930587737, 0, 0.8306031930587737, 0, 0.8306031930587737, 0, 0.8306031930587737]
"N51"
[3.2867747290481715, 3.8080093183497965, 3.4995839537576567, 4.3467102502315065, 3.4995839537576567, 4.3467102502315065, 3.4995839537576567, 4.3467102502315065, 3.4995839537576567, 4.3467102502315065, 3.4995839537576567, 4.3467102502315065, 3.4995839537576567, 4.3467102502315065, 3.4995839537576567, 4.3467102502315065, 3.4995839537576567, 4.3467102502315065]
"N52"
[0.43652549058258455, 2.5488436910474017, 0.14692248786941275, 2.688667589652489, 0.14692248786941275, 2.688667589652489, 0.14692248786941275, 2.688667589652489, 0.14692248786941275, 2.688667589652489, 0.14692248786941275, 2.688667589652489, 0.14692248786941275, 2.688667589652489, 0.14692248786941275, 2.688667589652489, 0.14692248786941275, 2.688667589652489]
"N53"
[0.6510115310117119, 3.2497996940845373, 0, 3.243943200425255, 0, 3.243943200425255, 0, 3.243943200425255, 0, 3.243943200425255, 0, 3.243943200425255, 0, 3.243943200425255, 0, 3.243943200425255, 0, 3.243943200425255]
"N54"
[0.6091939749392284, 0.27327478422236817, 0.44240986178471264, 0.5518984839267957, 0.44240986178471264, 0.5518984839267957, 0.44240986178471264, 0.5518984839267957, 0.44240986178471264, 0.5518984839267957, 0.44240986178471264, 0.5518984839267957, 0.44240986178471264, 0.5518984839267957, 0.44240986178471264, 0.5518984839267957, 0.44240986178471264, 0.5518984839267957]
"N55"
[1.5416610359926817, 1.8028600297267616, 0.8679732245268965, 0.6542957153783132, 0.8679732245268965, 0.6542957153783132, 0.8679732245268965, 0.6542957153783132, 0.8679732245268965, 0.6542957153783132, 0.8679732245268965, 0.6542957153783132, 0.8679732245268965, 0.6542957153783132, 0.8679732245268965, 0.6542957153783132, 0.8679732245268965, 0.6542957153783132]
"N56"
[2.395071722007477, 0.7770570342853662, 0.7430480645133746, 0.8673398807064145, 0.7430480645133746, 0.8673398807064145, 0.7430480645133746, 0.8673398807064145, 0.7430480645133746, 0.8673398807064145, 0.7430480645133746, 0.8673398807064145, 0.7430480645133746, 0.8673398807064145, 0.7430480645133746, 0.8673398807064145, 0.7430480645133746, 0.8673398807064145]
"N57"
[0.3806590301352283, 4.4117611933017455, 0.02659311496219441, 4.8374506991677135, 0.02659311496219441, 4.8374506991677135, 0.02659311496219441, 4.8374506991677135, 0.02659311496219441, 4.8374506991677135, 0.02659311496219441, 4.8374506991677135, 0.02659311496219441, 4.8374506991677135, 0.02659311496219441, 4.8374506991677135, 0.02659311496219441, 4.8374506991677135]
"N58"
[0.3458113340180613, 0, 0.3867369800553314, 0.19707302414494898, 0.3867369800553314, 0.19707302414494898, 0.3867369800553314, 0.19707302414494898, 0.3867369800553314, 0.19707302414494898, 0.3867369800553314, 0.19707302414494898, 0.3867369800553314, 0.19707302414494898, 0.3867369800553314, 0.19707302414494898, 0.3867369800553314, 0.19707302414494898]
"N59"
[0, 1.6161862644841585, 0.5430546292500735, 0, 0.5430546292500735, 0, 0.5430546292500735, 0, 0.5430546292500735, 0, 0.5430546292500735, 0, 0.5430546292500735, 0, 0.5430546292500735, 0, 0.5430546292500735, 0]
"N60"
[1.071442860066007, 0, 1.0176443245975517, 0.2373605300483015, 1.0176443245975517, 0.2373605300483015, 1.0176443245975517, 0.2373605300483015, 1.0176443245975517, 0.2373605300483015, 1.0176443245975517, 0.2373605300483015, 1.0176443245975517, 0.2373605300483015, 1.0176443245975517, 0.2373605300483015, 1.0176443245975517, 0.2373605300483015]
"EA"
[1.6483759179034305, 1.8621538408592586, 0.6146482159505235, 0.3045789580925742, 0.6146482159505235, 0.3045789580925742, 0.6146482159505235, 0.3045789580925742, 0.6146482159505235, 0.3045789580925742, 0.6146482159505235, 0.3045789580925742, 0.6146482159505235, 0.3045789580925742, 0.6146482159505235, 0.3045789580925742, 0.6146482159505235, 0.3045789580925742]
"VF"
[0.6812429198773062, 1.354226031917996, 0.09491902475800706, 0, 0.09491902475800706, 0, 0.09491902475800706, 0, 0.09491902475800706, 0, 0.09491902475800706, 0, 0.09491902475800706, 0, 0.09491902475800706, 0, 0.09491902475800706, 0]
"AVF"
[0.2378440177193557, 4.805313653356807, 0, 4.713741392649699, 0, 4.713741392649699, 0, 4.713741392649699, 0, 4.713741392649699, 0, 4.713741392649699, 0, 4.713741392649699, 0, 4.713741392649699, 0, 4.713741392649699]
~