8.0
1.0
64
"EP"
[0.7770595725595097, 3.2985223188559853, 0.4883235358514929, 0.06632447621736348, 0.4883235358514929, 0.06632447621736348, 0.4883235358514929, 0.06632447621736348, 0.4883235358514929, 0.06632447621736348, 0.4883235358514929, 0.06632447621736348, 0.4883235358514929, 0.06632447621736348, 0.4883235358514929, 0.06632447621736348, 0.4883235358514929, 0.06632447621736348]
"DP"
[0.31560365704092463, 0.6168655365955686, 0, 1.0046124467512234, 0, 1.0046124467512234, 0, 1.0046124467512234, 0, 1.0046124467512234, 0, 1.0046124467512234, 0, 1.0046124467512234, 0, 1.0046124467512234, 0, 1.0046124467512234]
"PPx"
[0.5069628709082665, 3.9369549441063576, 0, 3.9068903015870515, 0, 3.9068903015870515, 0, 3.9068903015870515, 0, 3.9068903015870515, 0, 3.9068903015870515, 0, 3.9068903015870515, 0, 3.9068903015870515, 0, 3.9068903015870515]
"PPy"
[0.53053424888898, 0.15170567075046115, 0.6325801216368989, 0.6358338935995805, 0.6325801216368989, 0.6358338935995805, 0.6325801216368989, 0.6358338935995805, 0.6325801216368989, 0.6358338935995805, 0.6325801216368989, 0.6358338935995805, 0.6325801216368989, 0.6358338935995805, 0.6325801216368989, 0.6358338935995805, 0.6325801216368989, 0.6358338935995805]
"Eye Segment0Dis"
[0.6231271187963162, 1.863759408463272, 0.6231271187963162, 0.2508685451491517, 0.6231271187963162, 0.2508685451491517, 0.6231271187963162, 0.2508685451491517, 0.6231271187963162, 0.2508685451491517, 0.6231271187963162, 0.2508685451491517, 0.6231271187963162, 0.2508685451491517, 0.6231271187963162, 0.2508685451491517, 0.6231271187963162, 0.2508685451491517]
"Eye Segment0R"
[0.8555738722892667, 1.4722711876282308, 0, 0.06569383625887537, 0, 0.06569383625887537, 0, 0.06569383625887537, 0, 0.06569383625887537, 0, 0.06569383625887537, 0, 0.06569383625887537, 0, 0.06569383625887537, 0, 0.06569383625887537]
"Eye Segment0G"
[0.059477407227938706, 0.558312939304863, 0.3794986979385079, 0, 0.3794986979385079, 0, 0.3794986979385079, 0, 0.3794986979385079, 0, 0.3794986979385079, 0, 0.3794986979385079, 0, 0.3794986979385079, 0, 0.3794986979385079, 0]
"Eye Segment0B"
[0.9425177076411911, 2.0917190164887467, 0.7408265415038562, 2.4466235625631896, 0.7408265415038562, 2.4466235625631896, 0.7408265415038562, 2.4466235625631896, 0.7408265415038562, 2.4466235625631896, 0.7408265415038562, 2.4466235625631896, 0.7408265415038562, 2.4466235625631896, 0.7408265415038562, 2.4466235625631896, 0.7408265415038562, 2.4466235625631896]
"Eye Segment1Dis"
[2.2505743951836843, 1.031776649423252, 3.198669719830069, 0.39477545088218424, 3.198669719830069, 0.39477545088218424, 3.198669719830069, 0.39477545088218424, 3.198669719830069, 0.39477545088218424, 3.198669719830069, 0.39477545088218424, 3.198669719830069, 0.39477545088218424, 3.198669719830069, 0.39477545088218424, 3.198669719830069, 0.39477545088218424]
"Eye Segment1R"
[0.010947743475198113, 0.8263792496415883, 0, 0.9322356398363663, 0, 0.9322356398363663, 0, 0.9322356398363663, 0, 0.9322356398363663, 0, 0.9322356398363663, 0, 0.9322356398363663, 0, 0.9322356398363663, 0, 0.9322356398363663]
"Eye Segment1G"
[1.6011080099221857, 0.6331299852907458, 1.4087184811283682, 0.7098814832334669, 1.4087184811283682, 0.7098814832334669, 1.4087184811283682, 0.7098814832334669, 1.4087184811283682, 0.7098814832334669, 1.4087184811283682, 0.7098814832334669, 1.4087184811283682, 0.7098814832334669, 1.4087184811283682, 0.7098814832334669, 1.4087184811283682, 0.7098814832334669]
"Eye Segment1B"
[0.8138137516537028, 0.38865905318731486, 0, 0, 0, 0, 0, 0, 0, 0, 0, 0, 0, 0, 0, 0, 0, 0]
"Eye Segment2Dis"
[0.0, 0.26933571430316106, 0, 0.9191609096528568, 0, 0.9191609096528568, 0, 0.9191609096528568, 0, 0.9191609096528568, 0, 0.9191609096528568, 0, 0.9191609096528568, 0, 0.9191609096528568, 0, 0.9191609096528568]
"Eye Segment2R"
[0.12724565255125247, 0.871465080243198, 0, 0.09132210830831655, 0, 0.09132210830831655, 0, 0.09132210830831655, 0, 0.09132210830831655, 0, 0.09132210830831655, 0, 0.09132210830831655, 0, 0.09132210830831655, 0, 0.09132210830831655]
"Eye Segment2G"
[0.03559861486868032, 0.253857340602476, 0, 0, 0, 0, 0, 0, 0, 0, 0, 0, 0, 0, 0, 0, 0, 0]
"Eye Segment2B"
[0.0, 0.18650921844476342, 0.29999999999999993, 0, 0.29999999999999993, 0, 0.29999999999999993, 0, 0.29999999999999993, 0, 0.29999999999999993, 0, 0.29999999999999993, 0, 0.29999999999999993, 0, 0.29999999999999993, 0]
"Eye Segment3Dis"
[1.7759595362118459, 3.5035144513575274, 1.3563464770401517, 4.360675206489939, 1.3563464770401517, 4.360675206489939, 1.3563464770401517, 4.360675206489939, 1.3563464770401517, 4.360675206489939, 1.3563464770401517, 4.360675206489939, 1.3563464770401517, 4.360675206489939, 1.3563464770401517, 4.360675206489939, 1.3563464770401517, 4.360675206489939]
"Eye Segment3R"
[1.0313015534303622, 0.0, 0.7638953954353669, 0, 0.7638953954353669, 0, 0.7638953954353669, 0, 0.7638953954353669, 0, 0.7638953954353669, 0, 0.7638953954353669, 0, 0.7638953954353669, 0, 0.7638953954353669, 0]
"Eye Segment3G"
[2.181258802180757, 0.4161159297730226, 0.57111033695967, 0, 0.57111033695967, 0, 0.57111033695967, 0, 0.57111033695967, 0, 0.57111033695967, 0, 0.57111033695967, 0, 0.57111033695967, 0, 0.57111033695967, 0]
"Eye Segment3B"
[0.00024139870151592942, 0.2378588689972685, 0.09655948060637176, 0.0461045587714255, 0.09655948060637176, 0.0461045587714255, 0.09655948060637176, 0.0461045587714255, 0.09655948060637176, 0.0461045587714255, 0.09655948060637176, 0.0461045587714255, 0.09655948060637176, 0.0461045587714255, 0.09655948060637176, 0.0461045587714255, 0.09655948060637176, 0.0461045587714255]
"Eye Segment4Dis"
[0.005565711447415893, 1.1058346983672995, 0, 0, 0, 0, 0, 0, 0, 0, 0, 0, 0, 0, 0, 0, 0, 0]
"Eye Segment4R"
[1.9292343731562727, 1.0310467430704369, 0, 0, 0, 0, 0, 0, 0, 0, 0, 0, 0, 0, 0, 0, 0, 0]
"Eye Segment4G"
[0.741021376796022, 0.6644519681673207, 0.6346754854410004, 0, 0.6346754854410004, 0, 0.6346754854410004, 0, 0.6346754854410004, 0, 0.6346754854410004, 0, 0.6346754854410004, 0, 0.6346754854410004, 0, 0.6346754854410004, 0]
"Eye Segment4B"
[1.4829047714305816, 3.7658686083947845, 0.6133270389823829, 3.352677614459492, 0.6133270389823829, 3.352677614459492, 0.6133270389823829, 3.352677614459492, 0.6133270389823829, 3.352677614459492, 0.6133270389823829, 3.352677614459492, 0.6133270389823829, 3.352677614459492, 0.6133270389823829, 3.352677614459492, 0.6133270389823829, 3.352677614459492]
"Eye Segment5Dis"
[0.23529884400127654, 1.9992576204795545, 0.29999999999999993, 0.7364424056622013, 0.29999999999999993, 0.7364424056622013, 0.29999999999999993, 0.7364424056622013, 0.29999999999999993, 0.7364424056622013, 0.29999999999999993, 0.7364424056622013, 0.29999999999999993, 0.7364424056622013, 0.29999999999999993, 0.7364424056622013, 0.29999999999999993, 0.7364424056622013]
"Eye Segment5R"
[0.019588492705934546, 0.6268678604432738, 0.019588492705934546, 0, 0.019588492705934546, 0, 0.019588492705934546, 0, 0.019588492705934546, 0, 0.019588492705934546, 0, 0.019588492705934546, 0, 0.019588492705934546, 0, 0.019588492705934546, 0]
"Eye Segment5G"
[2.0874804905156794, 0.4907817137805326, 2.214570610904637, 0.4907817137805326, 2.214570610904637, 0.4907817137805326, 2.214570610904637, 0.4907817137805326, 2.214570610904637, 0.4907817137805326, 2.214570610904637, 0.4907817137805326, 2.214570610904637, 0.4907817137805326, 2.214570610904637, 0.4907817137805326, 2.214570610904637, 0.4907817137805326]
"Eye Segment5B"
[1.3487776611007587, 0.17593367582519, 0.0454322705119663, 0, 0.0454322705119663, 0, 0.0454322705119663, 0, 0.0454322705119663, 0, 0.0454322705119663, 0, 0.0454322705119663, 0, 0.0454322705119663, 0, 0.0454322705119663, 0]
"Eye Segment6Dis"
[1.0174077613614991, 0.0, 0.38215378753098816, 0.24281480648308473, 0.38215378753098816, 0.24281480648308473, 0.38215378753098816, 0.24281480648308473, 0.38215378753098816, 0.24281480648308473, 0.38215378753098816, 0.24281480648308473, 0.38215378753098816, 0.24281480648308473, 0.38215378753098816, 0.24281480648308473, 0.38215378753098816, 0.24281480648308473]
"Eye Segment6R"
[0.9482035714288418, 0.6533853979124896, 0.4652617074811791, 0, 0.4652617074811791, 0, 0.4652617074811791, 0, 0.4652617074811791, 0, 0.4652617074811791, 0, 0.4652617074811791, 0, 0.4652617074811791, 0, 0.4652617074811791, 0]
"Eye Segment6G"
[0.026075972295660037, 0.21954429136014353, 0, 0, 0, 0, 0, 0, 0, 0, 0, 0, 0, 0, 0, 0, 0, 0]
"Eye Segment6B"
[0.24188769014261946, 0.0, 0.13898197714963534, 0, 0.13898197714963534, 0, 0.13898197714963534, 0, 0.13898197714963534, 0, 0.13898197714963534, 0, 0.13898197714963534, 0, 0.13898197714963534, 0, 0.13898197714963534, 0]
"Eye Segment7Dis"
[0.8620568278538272, 0.0, 0.031433619081242314, 0.6363964577111326, 0.031433619081242314, 0.6363964577111326, 0.031433619081242314, 0.6363964577111326, 0.031433619081242314, 0.6363964577111326, 0.031433619081242314, 0.6363964577111326, 0.031433619081242314, 0.6363964577111326, 0.031433619081242314, 0.6363964577111326, 0.031433619081242314, 0.6363964577111326]
"Eye Segment7R"
[0.6969389618060989, 0.40006708674516345, 0.28619459087976584, 0.06550749641723519, 0.28619459087976584, 0.06550749641723519, 0.28619459087976584, 0.06550749641723519, 0.28619459087976584, 0.06550749641723519, 0.28619459087976584, 0.06550749641723519, 0.28619459087976584, 0.06550749641723519, 0.28619459087976584, 0.06550749641723519, 0.28619459087976584, 0.06550749641723519]
"Eye Segment7G"
[0.7980584789918335, 1.5106466349382286, 0.5193441120144384, 0.47376064012629915, 0.5193441120144384, 0.47376064012629915, 0.5193441120144384, 0.47376064012629915, 0.5193441120144384, 0.47376064012629915, 0.5193441120144384, 0.47376064012629915, 0.5193441120144384, 0.47376064012629915, 0.5193441120144384, 0.47376064012629915, 0.5193441120144384, 0.47376064012629915]
"Eye Segment7B"
[0.1480077191684877, 2.8896036221336927, 0.3667924749099428, 0.8511411287790448, 0.3667924749099428, 0.8511411287790448, 0.3667924749099428, 0.8511411287790448, 0.3667924749099428, 0.8511411287790448, 0.3667924749099428, 0.8511411287790448, 0.3667924749099428, 0.8511411287790448, 0.3667924749099428, 0.8511411287790448, 0.3667924749099428, 0.8511411287790448]
"Eye Segment8Dis"
[4.438303128300676, 0.6196030649690701, 3.8422652836437163, 0.629801420049422, 3.8422652836437163, 0.629801420049422, 3.8422652836437163, 0.629801420049422, 3.8422652836437163, 0.629801420049422, 3.8422652836437163, 0.629801420049422, 3.8422652836437163, 0.629801420049422, 3.8422652836437163, 0.629801420049422, 3.8422652836437163, 0.629801420049422]
"Eye Segment8R"
[2.8675831326892633, 0.7183840573288622, 1.0296859724215048, 0.7850672573400095, 1.0296859724215048, 0.7850672573400095, 1.0296859724215048, 0.7850672573400095, 1.0296859724215048, 0.7850672573400095, 1.0296859724215048, 0.7850672573400095, 1.0296859724215048, 0.7850672573400095, 1.0296859724215048, 0.7850672573400095, 1.0296859724215048, 0.7850672573400095]
"Eye Segment8G"
[1.1298939302988402, 1.2546876240377978, 0.7376637781754862, 0.9054745289477532, 0.7376637781754862, 0.9054745289477532, 0.7376637781754862, 0.9054745289477532, 0.7376637781754862, 0.9054745289477532, 0.7376637781754862, 0.9054745289477532, 0.7376637781754862, 0.9054745289477532, 0.7376637781754862, 0.9054745289477532, 0.7376637781754862, 0.9054745289477532]
"Eye Segment8B"
[0.10528716566970533, 0.6997812627685014, 0.29999999999999993, 0.28426412971858006, 0.29999999999999993, 0.28426412971858006, 0.29999999999999993, 0.28426412971858006, 0.29999999999999993, 0.28426412971858006, 0.29999999999999993, 0.28426412971858006, 0.29999999999999993, 0.28426412971858006, 0.29999999999999993, 0.28426412971858006, 0.29999999999999993, 0.28426412971858006]
"N40"
[2.3591419025396454, 1.5134819705147717, 0, 0.6338521976207397, 0, 0.6338521976207397, 0, 0.6338521976207397, 0, 0.6338521976207397, 0, 0.6338521976207397, 0, 0.6338521976207397, 0, 0.6338521976207397, 0, 0.6338521976207397]
"N41"
[0.03473455022263161, 1.6470613549120876, 0.5685251197550303, 0.29999999999999993, 0.5685251197550303, 0.29999999999999993, 0.5685251197550303, 0.29999999999999993, 0.5685251197550303, 0.29999999999999993, 0.5685251197550303, 0.29999999999999993, 0.5685251197550303, 0.29999999999999993, 0.5685251197550303, 0.29999999999999993, 0.5685251197550303, 0.29999999999999993]
"N42"
[0.7152757749168412, 2.2223870417956646, 0.13298020167915947, 1.5671290681877559, 0.13298020167915947, 1.5671290681877559, 0.13298020167915947, 1.5671290681877559, 0.13298020167915947, 1.5671290681877559, 0.13298020167915947, 1.5671290681877559, 0.13298020167915947, 1.5671290681877559, 0.13298020167915947, 1.5671290681877559, 0.13298020167915947, 1.5671290681877559]
"N43"
[0.4533926138491393, 1.8793569226894218, 0.6129973419266408, 0.08132122892302229, 0.6129973419266408, 0.08132122892302229, 0.6129973419266408, 0.08132122892302229, 0.6129973419266408, 0.08132122892302229, 0.6129973419266408, 0.08132122892302229, 0.6129973419266408, 0.08132122892302229, 0.6129973419266408, 0.08132122892302229, 0.6129973419266408, 0.08132122892302229]
"N44"
[0.5848143917062348, 0.38144300091854155, 0.7253555754115188, 0.037795555209001463, 0.7253555754115188, 0.037795555209001463, 0.7253555754115188, 0.037795555209001463, 0.7253555754115188, 0.037795555209001463, 0.7253555754115188, 0.037795555209001463, 0.7253555754115188, 0.037795555209001463, 0.7253555754115188, 0.037795555209001463, 0.7253555754115188, 0.037795555209001463]
"N45"
[0.023485989867859214, 0.4162808862209813, 0.3273782363168717, 0.015662130177047096, 0.3273782363168717, 0.015662130177047096, 0.3273782363168717, 0.015662130177047096, 0.3273782363168717, 0.015662130177047096, 0.3273782363168717, 0.015662130177047096, 0.3273782363168717, 0.015662130177047096, 0.3273782363168717, 0.015662130177047096, 0.3273782363168717, 0.015662130177047096]
"N46"
[0.17466935271513173, 0.7265203137728353, 0, 0.49525755584008646, 0, 0.49525755584008646, 0, 0.49525755584008646, 0, 0.49525755584008646, 0, 0.49525755584008646, 0, 0.49525755584008646, 0, 0.49525755584008646, 0, 0.49525755584008646]
"N47"
[4.4977846558418815, 1.9535447955250846, 3.40735527436263, 0, 3.40735527436263, 0, 3.40735527436263, 0, 3.40735527436263, 0, 3.40735527436263, 0, 3.40735527436263, 0, 3.40735527436263, 0, 3.40735527436263, 0]
"N48"
[2.51197603860082, 1.985690627727509, 2.6049102638775175, 1.0518981122521724, 2.6049102638775175, 1.0518981122521724, 2.6049102638775175, 1.0518981122521724, 2.6049102638775175, 1.0518981122521724, 2.6049102638775175, 1.0518981122521724, 2.6049102638775175, 1.0518981122521724, 2.6049102638775175, 1.0518981122521724, 2.6049102638775175, 1.0518981122521724]
"N49"
[1.9134625170394073, 4.422012930631625, 2.3915806113091453, 4.994541055680901, 2.3915806113091453, 4.994541055680901, 2.3915806113091453, 4.994541055680901, 2.3915806113091453, 4.994541055680901, 2.3915806113091453, 4.994541055680901, 2.3915806113091453, 4.994541055680901, 2.3915806113091453, 4.994541055680901, 2.3915806113091453, 4.994541055680901]
"N50"
[1.1704593388134872, 1.6386397531546337, 0, 0.8306031930587737, 0, 0.8306031930587737, 0, 0.8306031930587737, 0, 0.8306031930587737, 0, 0.8306031930587737, 0, 0.8306031930587737, 0, 0.8306031930587737, 0, 0.8306031930587737]
"N51"
[3.1304895189632687, 3.979789653886466, 3.4995839537576567, 4.3467102502315065, 3.4995839537576567, 4.3467102502315065, 3.4995839537576567, 4.3467102502315065, 3.4995839537576567, 4.3467102502315065, 3.4995839537576567, 4.3467102502315065, 3.4995839537576567, 4.3467102502315065, 3.4995839537576567, 4.3467102502315065, 3.4995839537576567, 4.3467102502315065]
"N52"
[0.13573536681685608, 2.537222901367513, 0.14692248786941275, 2.688667589652489, 0.14692248786941275, 2.688667589652489, 0.14692248786941275, 2.688667589652489, 0.14692248786941275, 2.688667589652489, 0.14692248786941275, 2.688667589652489, 0.14692248786941275, 2.688667589652489, 0.14692248786941275, 2.688667589652489, 0.14692248786941275, 2.688667589652489]
"N53"
[0.1144792897012227, 3.7134364536995257, 0, 3.243943200425255, 0, 3.243943200425255, 0, 3.243943200425255, 0, 3.243943200425255, 0, 3.243943200425255, 0, 3.243943200425255, 0, 3.243943200425255, 0, 3.243943200425255]
"N54"
[1.540627551390766, 1.3542013561048567, 0.44240986178471264, 0.5518984839267957, 0.44240986178471264, 0.5518984839267957, 0.44240986178471264, 0.5518984839267957, 0.44240986178471264, 0.5518984839267957, 0.44240986178471264, 0.5518984839267957, 0.44240986178471264, 0.5518984839267957, 0.44240986178471264, 0.5518984839267957, 0.44240986178471264, 0.5518984839267957]
"N55"
[1.262010633340977, 2.2103038243099307, 0.8679732245268965, 0.6542957153783132, 0.8679732245268965, 0.6542957153783132, 0.8679732245268965, 0.6542957153783132, 0.8679732245268965, 0.6542957153783132, 0.8679732245268965, 0.6542957153783132, 0.8679732245268965, 0.6542957153783132, 0.8679732245268965, 0.6542957153783132, 0.8679732245268965, 0.6542957153783132]
"N56"
[0.5925294000901274, 0.7523962460773181, 0.7430480645133746, 0.8673398807064145, 0.7430480645133746, 0.8673398807064145, 0.7430480645133746, 0.8673398807064145, 0.7430480645133746, 0.8673398807064145, 0.7430480645133746, 0.8673398807064145, 0.7430480645133746, 0.8673398807064145, 0.7430480645133746, 0.8673398807064145, 0.7430480645133746, 0.8673398807064145]
"N57"
[0.5327502915277016, 4.464032053834562, 0.02659311496219441, 4.8374506991677135, 0.02659311496219441, 4.8374506991677135, 0.02659311496219441, 4.8374506991677135, 0.02659311496219441, 4.8374506991677135, 0.02659311496219441, 4.8374506991677135, 0.02659311496219441, 4.8374506991677135, 0.02659311496219441, 4.8374506991677135, 0.02659311496219441, 4.8374506991677135]
"N58"
[0.0, 0.25445492099740774, 0.3867369800553314, 0.19707302414494898, 0.3867369800553314, 0.19707302414494898, 0.3867369800553314, 0.19707302414494898, 0.3867369800553314, 0.19707302414494898, 0.3867369800553314, 0.19707302414494898, 0.3867369800553314, 0.19707302414494898, 0.3867369800553314, 0.19707302414494898, 0.3867369800553314, 0.19707302414494898]
"N59"
[0.03424350899001516, 1.4667935866633952, 0.5430546292500735, 0, 0.5430546292500735, 0, 0.5430546292500735, 0, 0.5430546292500735, 0, 0.5430546292500735, 0, 0.5430546292500735, 0, 0.5430546292500735, 0, 0.5430546292500735, 0]
"N60"
[1.192875726246636, 1.6939000794956198, 1.0176443245975517, 0.2373605300483015, 1.0176443245975517, 0.2373605300483015, 1.0176443245975517, 0.2373605300483015, 1.0176443245975517, 0.2373605300483015, 1.0176443245975517, 0.2373605300483015, 1.0176443245975517, 0.2373605300483015, 1.0176443245975517, 0.2373605300483015, 1.0176443245975517, 0.2373605300483015]
"EA"
[2.260374089604261, 1.8551760617386919, 0.6146482159505235, 0.3045789580925742, 0.6146482159505235, 0.3045789580925742, 0.6146482159505235, 0.3045789580925742, 0.6146482159505235, 0.3045789580925742, 0.6146482159505235, 0.3045789580925742, 0.6146482159505235, 0.3045789580925742, 0.6146482159505235, 0.3045789580925742, 0.6146482159505235, 0.3045789580925742]
"VF"
[0.3592567032382334, 1.354226031917996, 0.09491902475800706, 0, 0.09491902475800706, 0, 0.09491902475800706, 0, 0.09491902475800706, 0, 0.09491902475800706, 0, 0.09491902475800706, 0, 0.09491902475800706, 0, 0.09491902475800706, 0]
"AVF"
[0.0, 4.454793545524865, 0, 4.713741392649699, 0, 4.713741392649699, 0, 4.713741392649699, 0, 4.713741392649699, 0, 4.713741392649699, 0, 4.713741392649699, 0, 4.713741392649699, 0, 4.713741392649699]
~